20
10

8 85 5 49 42 8 87 93 62 84
9 0 4 65 59 77 26 68 91 25
35 21 65 94 46 29 56 47 46 75
60 80 82 46 16 18 78 31 45 88
63 44 67 47 62 74 32 5 91 44
96 72 38 51 26 25 34 12 97 71
51 36 34 53 71 0 8 21 12 95
81 66 17 78 70 98 28 37 59 6
10 62 2 26 0 71 78 26 74 41
95 61 92 44 54 72 39 83 25 26
69 79 98 17 43 53 87 88 99 9
38 29 95 10 41 75 28 99 51 93
6 8 85 45 25 65 20 67 94 82
42 89 91 87 2 92 54 37 69 84
41 17 21 34 99 22 77 90 50 73
80 82 63 4 82 84 75 38 87 79
86 31 62 49 39 46 5 3 55 95
46 94 87 61 15 92 18 82 5 29
8 56 3 11 71 18 81 77 33 76
65 57 8 13 19 32 89 4 25 22

90 11 98 72 73 52 55 36 69 1
99 97 74 65 81 70 6 86 58 49
17 84 41 62 65 77 71 5 19 56
22 32 34 90 99 69 4 5 99 65
75 45 29 97 88 18 6 1 76 84
94 90 41 42 42 84 84 11 30 56
52 16 32 82 46 45 73 38 85 4
17 81 33 3 12 16 28 60 3 37
64 87 69 74 35 4 44 8 19 0
39 32 69 22 70 49 51 78 61 61
27 78 64 76 85 40 41 46 65 54
75 99 20 60 16 37 23 1 81 24
14 49 60 58 30 11 94 26 72 69
36 83 12 10 7 86 23 52 94 93
97 66 84 2 90 50 2 87 99 19
2 63 58 95 39 73 15 28 22 97
31 80 13 19 99 39 22 88 86 63
35 82 41 65 54 52 21 83 33 96
33 97 62 98 91 1 8 37 32 20
33 42 47 52 37 51 18 57 97 1

329 144 408 202 369 440 195 162 174 197

417 270 1090 583 294 916 510 357 399 683

12 18 18 19 26 21 18 19 18 11 22 21 13 19 13 14 22 17 27 28

59 48 65 43 64 65 57 49 58 30
