20
10

8 85 5 49 42 8 87 93 62 84
9 0 4 65 59 77 26 68 91 25
35 21 65 94 46 29 56 47 46 75
60 80 82 46 16 18 78 31 45 88
63 44 67 47 62 74 32 5 91 44
96 72 38 51 26 25 34 12 97 71
51 36 34 53 71 0 8 21 12 95
81 66 17 78 70 98 28 37 59 6
10 62 2 26 0 71 78 26 74 41
95 61 92 44 54 72 39 83 25 26
69 79 98 17 43 53 87 88 99 9
38 29 95 10 41 75 28 99 51 93
6 8 85 45 25 65 20 67 94 82
42 89 91 87 2 92 54 37 69 84
41 17 21 34 99 22 77 90 50 73
80 82 63 4 82 84 75 38 87 79
86 31 62 49 39 46 5 3 55 95
46 94 87 61 15 92 18 82 5 29
8 56 3 11 71 18 81 77 33 76
65 57 8 13 19 32 89 4 25 22

77 29 2 40 72 59 59 92 52 6
13 55 49 10 50 74 29 77 50 21
87 18 48 66 78 70 25 3 98 94
74 31 73 37 27 32 0 1 50 15
54 32 15 89 64 42 47 6 7 36
68 84 82 76 99 87 64 31 9 36
48 87 87 81 26 11 3 38 68 97
86 94 98 41 13 21 76 19 96 49
45 60 32 7 79 54 21 10 71 20
84 63 18 34 35 10 11 83 88 44
40 9 4 61 45 47 99 24 6 74
87 65 30 26 10 37 96 45 94 18
49 69 26 95 55 73 28 6 81 24
8 8 35 8 79 94 91 46 86 96
79 1 99 14 33 48 36 97 4 53
41 38 82 93 30 65 13 6 69 52
70 41 56 64 27 81 30 23 55 24
2 56 28 57 7 56 3 73 12 80
27 92 27 48 82 95 10 29 51 92
50 32 92 76 93 19 43 21 18 24

329 144 408 202 369 440 195 162 174 197

354 446 809 1578 737 1197 392 1289 1097 749

12 18 18 19 26 21 18 19 18 11 22 21 13 19 13 14 22 17 27 28

59 48 65 43 64 65 57 49 58 30
