20
10

8 85 5 49 42 8 87 93 62 84
9 0 4 65 59 77 26 68 91 25
35 21 65 94 46 29 56 47 46 75
60 80 82 46 16 18 78 31 45 88
63 44 67 47 62 74 32 5 91 44
96 72 38 51 26 25 34 12 97 71
51 36 34 53 71 0 8 21 12 95
81 66 17 78 70 98 28 37 59 6
10 62 2 26 0 71 78 26 74 41
95 61 92 44 54 72 39 83 25 26
69 79 98 17 43 53 87 88 99 9
38 29 95 10 41 75 28 99 51 93
6 8 85 45 25 65 20 67 94 82
42 89 91 87 2 92 54 37 69 84
41 17 21 34 99 22 77 90 50 73
80 82 63 4 82 84 75 38 87 79
86 31 62 49 39 46 5 3 55 95
46 94 87 61 15 92 18 82 5 29
8 56 3 11 71 18 81 77 33 76
65 57 8 13 19 32 89 4 25 22

95 48 64 51 92 31 71 71 32 56
53 93 94 19 81 34 14 83 17 19
43 17 78 11 55 35 20 71 84 44
30 9 1 44 13 86 71 53 8 8
52 40 74 93 10 91 26 18 85 47
3 78 9 78 27 4 75 97 49 26
10 8 14 85 94 61 88 23 25 56
21 98 25 0 45 28 55 25 32 30
50 32 56 22 14 89 39 19 44 23
75 13 41 73 51 30 60 94 29 19
99 39 38 90 7 44 7 20 85 1
24 98 17 96 6 68 17 47 24 0
16 60 8 84 20 95 24 41 83 15
8 3 15 52 99 73 99 9 87 4
84 0 90 40 94 78 21 3 47 6
3 34 94 86 41 11 18 35 72 9
46 79 37 67 65 99 55 79 52 63
98 36 57 12 75 69 89 97 3 77
11 73 4 47 26 7 57 81 26 58
99 16 28 17 61 72 15 42 67 82

329 144 408 202 369 440 195 162 174 197

1548 1270 1792 338 1554 468 565 437 2280 1824

12 18 18 19 26 21 18 19 18 11 22 21 13 19 13 14 22 17 27 28

59 48 65 43 64 65 57 49 58 30
