30
15

32 96 65 25 85 50 59 39 41 13 6 96 27 73 47
79 20 65 18 11 58 51 8 84 79 35 89 10 1 69
48 36 28 52 65 13 47 28 18 11 45 37 93 33 57
77 55 50 45 70 97 69 45 59 60 10 39 64 12 53
56 77 20 74 83 74 47 82 50 80 74 38 31 10 5
5 61 65 28 62 68 77 35 88 65 2 7 91 52 34
39 42 34 72 52 42 36 67 12 23 86 31 62 68 92
85 33 2 30 83 85 81 26 30 1 95 99 84 39 47
88 14 3 76 88 54 92 54 74 65 44 47 73 11 78
44 22 98 4 81 30 31 53 14 6 4 47 32 50 13
6 90 14 55 74 21 46 73 2 62 32 32 17 79 48
56 77 96 12 65 79 66 99 64 74 12 40 3 14 60
44 99 20 24 93 87 57 10 9 37 51 63 92 61 89
62 76 5 78 52 51 80 58 49 52 90 0 66 13 59
29 55 31 61 55 47 91 20 92 44 51 7 21 95 88
75 3 58 43 1 58 29 26 18 73 90 74 75 91 11
55 36 3 12 84 20 43 45 69 42 59 88 21 1 6
38 0 29 90 44 59 94 57 36 24 33 97 12 24 36
22 24 47 26 35 42 0 1 80 1 87 23 69 78 38
89 7 15 56 3 65 16 57 37 74 75 31 58 34 11
36 48 77 23 16 53 7 73 98 37 21 87 5 11 71
16 99 97 41 92 35 11 31 84 95 89 70 40 28 7
26 46 15 38 49 69 38 69 91 52 23 61 82 69 80
36 52 70 71 6 32 73 61 95 74 80 52 12 69 17
98 74 53 44 43 90 47 65 40 54 41 42 41 16 41
3 69 4 31 77 95 51 18 10 9 26 70 50 32 75
51 86 21 31 27 1 71 40 85 56 93 22 0 23 42
45 36 39 24 3 66 40 88 21 44 93 2 6 77 57
62 48 62 16 75 30 99 78 28 82 92 30 21 12 95
92 42 98 67 20 99 2 49 28 36 61 70 56 10 65

74 86 59 60 91 35 79 17 2 81 66 81 50 44 92
18 38 21 56 32 39 12 91 96 56 87 44 92 22 21
25 22 65 91 93 20 77 15 56 80 48 74 1 86 73
47 52 8 26 50 61 90 66 65 55 51 30 90 92 80
6 49 20 89 4 52 27 58 75 82 19 77 22 54 84
87 34 74 15 62 16 91 98 84 94 23 4 7 37 97
22 12 5 27 29 0 26 46 97 65 59 31 58 62 99
6 95 44 20 23 32 45 68 25 25 30 65 74 88 29
59 71 9 49 49 21 38 5 66 9 33 31 86 92 31
59 14 26 54 65 51 77 73 45 47 95 91 42 97 40
22 54 28 91 72 97 95 81 47 80 66 40 56 45 89
31 62 68 52 20 25 8 75 5 22 72 21 4 40 33
90 81 90 94 35 43 68 13 31 44 77 22 74 96 80
94 83 51 45 63 54 7 13 77 69 62 82 63 65 16
6 14 24 93 43 33 23 25 0 3 76 33 64 54 39
98 10 64 61 90 39 88 17 14 66 27 42 88 74 76
58 56 16 96 56 6 0 29 90 46 11 18 77 57 61
21 19 26 46 39 98 22 71 65 92 82 73 61 31 12
35 92 81 10 89 87 26 87 45 13 90 26 88 60 11
12 40 91 74 21 75 0 47 57 34 87 84 61 66 28
3 45 19 16 24 26 37 92 52 40 32 91 30 97 57
80 85 77 88 55 69 87 83 29 40 41 89 18 54 12
20 28 54 87 98 78 79 10 63 18 32 3 79 40 73
99 90 76 36 19 11 31 73 85 41 5 91 55 66 1
15 8 51 9 11 21 61 30 43 32 62 67 43 52 74
13 36 87 99 94 29 91 30 55 63 42 18 6 92 18
58 48 39 31 17 67 30 19 13 46 18 22 22 42 42
96 71 34 92 23 39 31 62 32 87 92 16 41 73 8
15 84 30 47 48 77 20 47 97 37 79 27 11 70 24
43 67 84 90 3 66 83 6 29 58 65 37 25 17 29

2664 2368 743 2795 1378 1611 3421 1703 3044 3256 3718 2730 4582 4793 1360

230 290 545 462 357 130 310 426 236 247 225 338 158 200 391

10 14 13 21 21 18 18 11 22 22 19 12 19 12 15 23 16 28 12 15 29 11 18 23 25 25 17 19 24 29

56 80 30 46 22 47 70 27 73 51 62 71 74 82 55
