30
15

74 86 59 60 91 35 79 17 2 81 66 81 50 44 92
18 38 21 56 32 39 12 91 96 56 87 44 92 22 21
25 22 65 91 93 20 77 15 56 80 48 74 1 86 73
47 52 8 26 50 61 90 66 65 55 51 30 90 92 80
6 49 20 89 4 52 27 58 75 82 19 77 22 54 84
87 34 74 15 62 16 91 98 84 94 23 4 7 37 97
22 12 5 27 29 0 26 46 97 65 59 31 58 62 99
6 95 44 20 23 32 45 68 25 25 30 65 74 88 29
59 71 9 49 49 21 38 5 66 9 33 31 86 92 31
59 14 26 54 65 51 77 73 45 47 95 91 42 97 40
22 54 28 91 72 97 95 81 47 80 66 40 56 45 89
31 62 68 52 20 25 8 75 5 22 72 21 4 40 33
90 81 90 94 35 43 68 13 31 44 77 22 74 96 80
94 83 51 45 63 54 7 13 77 69 62 82 63 65 16
6 14 24 93 43 33 23 25 0 3 76 33 64 54 39
98 10 64 61 90 39 88 17 14 66 27 42 88 74 76
58 56 16 96 56 6 0 29 90 46 11 18 77 57 61
21 19 26 46 39 98 22 71 65 92 82 73 61 31 12
35 92 81 10 89 87 26 87 45 13 90 26 88 60 11
12 40 91 74 21 75 0 47 57 34 87 84 61 66 28
3 45 19 16 24 26 37 92 52 40 32 91 30 97 57
80 85 77 88 55 69 87 83 29 40 41 89 18 54 12
20 28 54 87 98 78 79 10 63 18 32 3 79 40 73
99 90 76 36 19 11 31 73 85 41 5 91 55 66 1
15 8 51 9 11 21 61 30 43 32 62 67 43 52 74
13 36 87 99 94 29 91 30 55 63 42 18 6 92 18
58 48 39 31 17 67 30 19 13 46 18 22 22 42 42
96 71 34 92 23 39 31 62 32 87 92 16 41 73 8
15 84 30 47 48 77 20 47 97 37 79 27 11 70 24
43 67 84 90 3 66 83 6 29 58 65 37 25 17 29

76 58 72 89 74 77 76 68 94 15 82 3 35 77 34
81 84 82 46 31 86 71 50 83 76 94 52 38 93 56
98 26 45 45 14 35 84 52 51 58 17 83 70 85 64
9 49 26 37 94 80 57 96 18 96 22 13 75 57 20
49 7 66 78 20 11 9 80 14 35 33 1 79 37 3
68 94 82 17 52 3 0 47 59 57 27 54 68 11 9
89 48 61 26 76 33 13 84 39 61 44 76 19 84 60
96 3 14 90 82 42 69 66 0 45 15 58 10 72 42
97 64 59 4 77 37 59 8 30 90 65 49 19 99 61
9 82 30 19 75 34 20 34 49 2 95 51 39 52 50
54 73 37 59 8 55 63 89 53 80 68 52 30 52 54
1 64 85 9 56 33 84 24 30 5 24 79 83 21 84
63 9 60 2 43 60 5 56 2 51 97 84 16 93 54
13 29 52 91 33 47 38 54 64 77 71 74 86 59 60
91 35 79 17 2 81 66 81 50 44 92 18 38 21 56
32 39 12 91 96 56 87 44 92 22 21 25 22 65 91
93 20 77 15 56 80 48 74 1 86 73 47 52 8 26
50 61 90 66 65 55 51 30 90 92 80 6 49 20 89
4 52 27 58 75 82 19 77 22 54 84 87 34 74 15
62 16 91 98 84 94 23 4 7 37 97 22 12 5 27
29 0 26 46 97 65 59 31 58 62 99 6 95 44 20
23 32 45 68 25 25 30 65 74 88 29 59 71 9 49
49 21 38 5 66 9 33 31 86 92 31 59 14 26 54
65 51 77 73 45 47 95 91 42 97 40 22 54 28 91
72 97 95 81 47 80 66 40 56 45 89 31 62 68 52
20 25 8 75 5 22 72 21 4 40 33 90 81 90 94
35 43 68 13 31 44 77 22 74 96 80 94 83 51 45
63 54 7 13 77 69 62 82 63 65 16 6 14 24 93
43 33 23 25 0 3 76 33 64 54 39 98 10 64 61
90 39 88 17 14 66 27 42 88 74 76 58 56 16 96

230 290 545 462 357 130 310 426 236 247 225 338 158 200 391

582 698 834 326 204 434 268 526 117 362 737 730 858 511 228

17 11 35 27 3 31 26 3 37 20 11 8 17 31 33 29 36 10 31 17 28 13 26 20 28 24 19 17 23 9

49 90 79 86 51 28 49 85 32 45 37 51 60 72 67
