20
10

90 11 98 72 73 52 55 36 69 1
99 97 74 65 81 70 6 86 58 49
17 84 41 62 65 77 71 5 19 56
22 32 34 90 99 69 4 5 99 65
75 45 29 97 88 18 6 1 76 84
94 90 41 42 42 84 84 11 30 56
52 16 32 82 46 45 73 38 85 4
17 81 33 3 12 16 28 60 3 37
64 87 69 74 35 4 44 8 19 0
39 32 69 22 70 49 51 78 61 61
27 78 64 76 85 40 41 46 65 54
75 99 20 60 16 37 23 1 81 24
14 49 60 58 30 11 94 26 72 69
36 83 12 10 7 86 23 52 94 93
97 66 84 2 90 50 2 87 99 19
2 63 58 95 39 73 15 28 22 97
31 80 13 19 99 39 22 88 86 63
35 82 41 65 54 52 21 83 33 96
33 97 62 98 91 1 8 37 32 20
33 42 47 52 37 51 18 57 97 1

95 48 64 51 92 31 71 71 32 56
53 93 94 19 81 34 14 83 17 19
43 17 78 11 55 35 20 71 84 44
30 9 1 44 13 86 71 53 8 8
52 40 74 93 10 91 26 18 85 47
3 78 9 78 27 4 75 97 49 26
10 8 14 85 94 61 88 23 25 56
21 98 25 0 45 28 55 25 32 30
50 32 56 22 14 89 39 19 44 23
75 13 41 73 51 30 60 94 29 19
99 39 38 90 7 44 7 20 85 1
24 98 17 96 6 68 17 47 24 0
16 60 8 84 20 95 24 41 83 15
8 3 15 52 99 73 99 9 87 4
84 0 90 40 94 78 21 3 47 6
3 34 94 86 41 11 18 35 72 9
46 79 37 67 65 99 55 79 52 63
98 36 57 12 75 69 89 97 3 77
11 73 4 47 26 7 57 81 26 58
99 16 28 17 61 72 15 42 67 82

417 270 1090 583 294 916 510 357 399 683

1548 1270 1792 338 1554 468 565 437 2280 1824

10 28 28 24 27 18 28 11 23 26 27 10 27 22 24 11 10 12 15 20

48 22 80 61 27 75 62 35 42 80
