40
20

83 62 1 77 41 15 43 54 91 78 31 37 31 78 38 46 53 69 50 79
99 53 61 37 43 20 6 16 20 11 95 43 6 89 78 47 7 65 62 82
25 14 60 42 14 84 30 43 21 81 50 50 94 74 23 82 1 65 24 24
87 21 17 27 54 38 11 66 65 16 38 9 83 45 58 91 11 37 44 12
86 52 85 6 47 5 11 33 79 58 43 12 3 11 5 74 63 81 59 25
31 4 52 39 35 9 76 12 65 56 98 62 41 21 87 49 18 91 68 47
77 78 64 96 31 84 14 22 30 77 78 90 59 31 59 29 60 82 15 62
7 80 34 11 37 23 89 64 3 42 10 32 6 50 37 23 20 63 22 16
11 80 22 10 38 67 87 92 52 86 24 27 55 64 18 76 87 80 18 12
34 37 28 55 89 42 58 70 4 87 31 0 28 36 47 13 92 48 38 96
12 83 99 23 10 81 38 84 67 9 3 36 80 22 84 35 59 60 75 43
5 10 68 29 58 82 2 5 83 79 87 61 55 77 85 97 61 20 7 63
11 21 70 59 43 8 16 45 59 57 82 77 29 7 81 58 43 49 40 74
6 31 83 65 5 15 76 24 83 88 60 47 16 15 43 82 64 76 35 16
46 24 21 39 68 67 43 48 85 59 8 86 96 43 48 38 99 86 14 9
37 9 57 76 38 85 46 86 17 73 23 30 86 97 84 22 0 99 49 66
45 27 54 88 20 19 78 68 81 21 90 87 68 23 80 92 96 17 0 33
16 13 39 26 54 54 12 52 91 27 19 82 48 58 23 6 83 34 40 94
11 94 44 24 8 91 36 43 69 88 25 63 7 77 12 97 41 13 91 84
89 93 96 73 79 52 61 45 26 26 78 13 57 21 61 13 77 86 53 83
96 68 38 97 74 14 48 91 43 37 59 2 33 56 45 17 81 99 8 90
24 2 8 73 97 58 79 78 78 1 86 69 79 19 58 36 36 40 22 9
72 29 1 19 43 93 57 0 63 83 7 8 92 39 19 79 22 7 82 73
2 48 9 62 79 96 99 59 48 38 87 10 47 35 51 79 27 96 45 12
90 79 97 42 75 75 72 92 34 8 2 83 24 52 23 31 19 44 75 26
2 57 67 4 2 43 90 56 81 77 44 46 92 55 15 17 60 22 6 25
44 47 21 19 7 57 51 46 83 3 98 75 26 15 59 59 77 85 49 53
83 64 16 1 57 70 98 37 66 54 28 47 77 50 69 24 98 26 40 83
15 3 78 27 82 97 36 95 28 32 8 1 99 1 43 81 36 76 81 86
50 14 23 82 65 85 23 72 32 38 59 24 21 67 25 80 69 54 41 88
18 99 92 64 83 51 32 94 39 17 96 27 3 13 46 7 54 64 10 63
27 86 4 53 68 10 45 12 23 5 92 68 23 43 79 33 70 93 13 54
39 30 76 4 53 29 27 55 0 40 5 31 91 86 89 62 82 40 45 81
14 37 82 22 29 64 92 31 86 23 41 77 68 43 51 40 65 5 70 15
69 7 32 37 14 67 56 45 52 56 30 25 49 2 76 88 34 3 3 8
39 57 92 85 20 76 49 37 38 54 52 27 40 3 62 72 74 76 69 2
28 50 1 61 72 21 11 62 46 42 35 46 25 24 67 7 50 43 96 78
8 55 22 90 1 8 16 56 35 79 15 38 20 7 60 87 61 81 0 93
84 9 56 55 26 73 90 74 74 48 20 23 47 55 4 55 52 44 62 41
46 56 5 60 98 1 6 78 30 38 28 83 79 71 85 76 9 68 8 21

86 73 23 98 62 65 17 86 31 58 69 0 9 81 2 90 54 49 0 73
29 2 90 3 10 99 23 6 23 4 64 65 46 47 85 68 5 47 94 44
28 45 47 72 67 55 33 17 85 48 30 36 63 42 66 58 83 29 31 35
3 86 37 9 1 49 5 48 78 39 41 49 41 71 18 99 97 88 85 58
47 8 67 90 41 54 20 69 49 26 70 29 44 35 38 25 21 85 27 51
81 0 41 13 60 23 42 39 85 19 76 10 84 88 23 23 80 40 44 10
48 10 45 93 25 6 69 47 78 17 85 89 93 25 44 19 28 98 20 95
51 70 43 95 48 7 5 21 71 39 97 25 76 8 4 82 53 42 50 35
53 71 5 70 73 45 70 26 45 7 97 20 42 50 39 59 95 46 9 66
90 25 7 35 85 60 35 98 66 68 19 70 28 33 8 4 59 27 3 66
63 68 57 17 34 54 35 70 85 46 28 43 89 7 67 33 80 17 72 91
31 97 30 57 91 50 3 97 70 74 96 42 91 14 29 35 35 61 19 19
84 9 42 31 2 32 39 85 21 39 87 61 43 28 54 26 34 29 95 53
4 25 68 34 90 85 83 72 82 40 96 23 62 0 27 10 41 82 49 33
24 1 99 56 31 46 81 28 56 41 80 77 37 56 7 93 78 35 32 76
40 43 90 20 93 42 48 57 98 74 95 88 56 83 65 71 49 21 17 38
57 13 44 70 28 76 66 44 27 28 30 42 5 8 38 72 57 21 66 49
47 62 39 38 44 82 85 51 84 10 83 57 45 38 69 33 12 33 67 87
63 37 75 14 4 60 99 66 38 83 31 60 38 37 10 43 65 2 4 90
51 55 22 5 31 66 26 64 8 10 98 92 68 49 4 82 91 8 46 9
24 34 87 64 3 23 5 38 54 59 5 28 95 85 91 30 32 11 80 61
11 24 15 6 78 61 0 90 52 51 70 36 9 44 69 32 53 82 89 29
98 80 17 55 91 14 63 1 66 45 87 20 97 31 40 47 84 79 85 24
0 69 80 1 91 40 4 33 80 13 93 97 41 3 8 9 44 42 32 9
61 4 96 34 22 21 63 8 30 23 26 24 81 32 1 85 72 13 13 37
53 47 16 95 81 78 90 78 87 56 6 73 47 83 48 97 22 21 42 54
16 21 30 74 69 93 76 91 61 14 7 9 23 56 23 53 69 63 18 96
85 27 12 30 57 37 76 98 10 93 1 26 99 14 46 9 66 92 64 44
69 55 91 15 19 43 48 69 13 30 87 47 32 14 93 44 32 85 6 28
83 34 32 35 86 53 68 12 8 56 43 94 13 8 61 19 52 51 89 89
89 63 96 76 32 57 89 58 68 95 53 75 34 65 9 11 31 79 64 2
14 67 62 46 40 72 80 58 6 16 8 71 34 0 54 87 25 44 70 20
59 75 80 74 29 36 76 76 25 58 91 33 12 32 73 85 76 61 31 92
10 82 4 57 85 96 95 73 24 36 59 69 62 66 38 61 69 88 92 58
80 3 52 71 32 55 9 11 26 47 10 6 57 8 21 40 67 66 83 11
44 35 69 61 34 28 21 19 70 63 18 63 24 9 9 93 27 7 16 68
27 45 83 56 75 79 28 89 61 36 25 26 25 30 29 78 39 85 15 29
24 38 80 70 41 81 64 23 77 42 57 23 18 33 8 99 74 16 60 46
1 43 70 93 39 94 87 22 43 18 98 72 4 29 75 33 68 36 63 35
96 3 13 67 45 50 33 89 39 76 22 25 78 33 10 33 87 87 5 22

1518 1595 3224 1216 2416 803 1148 3188 3034 1946 2228 3656 2313 5073 704 1980 890 1929 3781 1866

362 491 913 419 266 401 598 409 418 721 350 602 488 397 512 1056 476 116 446 525

12 21 21 18 22 16 14 27 18 22 12 10 23 15 23 29 13 15 16 19 22 27 18 14 19 22 11 16 23 15 15 23 15 10 11 14 10 28 24 21

43 61 69 21 64 22 49 60 48 60 39 59 50 82 21 69 38 30 78 76
