20
10

77 29 2 40 72 59 59 92 52 6
13 55 49 10 50 74 29 77 50 21
87 18 48 66 78 70 25 3 98 94
74 31 73 37 27 32 0 1 50 15
54 32 15 89 64 42 47 6 7 36
68 84 82 76 99 87 64 31 9 36
48 87 87 81 26 11 3 38 68 97
86 94 98 41 13 21 76 19 96 49
45 60 32 7 79 54 21 10 71 20
84 63 18 34 35 10 11 83 88 44
40 9 4 61 45 47 99 24 6 74
87 65 30 26 10 37 96 45 94 18
49 69 26 95 55 73 28 6 81 24
8 8 35 8 79 94 91 46 86 96
79 1 99 14 33 48 36 97 4 53
41 38 82 93 30 65 13 6 69 52
70 41 56 64 27 81 30 23 55 24
2 56 28 57 7 56 3 73 12 80
27 92 27 48 82 95 10 29 51 92
50 32 92 76 93 19 43 21 18 24

95 48 64 51 92 31 71 71 32 56
53 93 94 19 81 34 14 83 17 19
43 17 78 11 55 35 20 71 84 44
30 9 1 44 13 86 71 53 8 8
52 40 74 93 10 91 26 18 85 47
3 78 9 78 27 4 75 97 49 26
10 8 14 85 94 61 88 23 25 56
21 98 25 0 45 28 55 25 32 30
50 32 56 22 14 89 39 19 44 23
75 13 41 73 51 30 60 94 29 19
99 39 38 90 7 44 7 20 85 1
24 98 17 96 6 68 17 47 24 0
16 60 8 84 20 95 24 41 83 15
8 3 15 52 99 73 99 9 87 4
84 0 90 40 94 78 21 3 47 6
3 34 94 86 41 11 18 35 72 9
46 79 37 67 65 99 55 79 52 63
98 36 57 12 75 69 89 97 3 77
11 73 4 47 26 7 57 81 26 58
99 16 28 17 61 72 15 42 67 82

354 446 809 1578 737 1197 392 1289 1097 749

1548 1270 1792 338 1554 468 565 437 2280 1824

11 29 25 23 10 23 11 22 28 27 21 25 14 19 19 15 20 19 21 13

32 23 74 80 61 67 27 66 68 64
