50
20

27 76 13 52 30 14 13 71 3 96 23 86 44 71 90 60 82 26 41 86
86 59 92 42 7 5 35 73 81 74 29 99 84 85 80 55 36 22 86 49
2 20 82 60 11 81 96 29 19 56 31 17 68 62 13 20 20 10 64 80
84 62 18 18 37 48 52 93 35 9 36 48 45 49 1 5 51 4 78 21
21 72 77 17 30 54 90 35 76 8 45 89 36 1 38 22 54 33 32 75
50 44 94 35 98 50 2 13 3 53 54 80 89 26 57 51 67 78 71 96
49 25 50 25 24 54 99 71 18 30 23 71 97 96 69 9 92 63 59 88
51 90 75 34 39 98 53 44 66 77 79 47 79 66 7 22 78 30 39 13
30 55 37 12 83 30 52 9 26 4 2 47 19 23 18 0 9 89 53 84
6 89 20 68 75 6 98 27 68 88 27 81 9 46 86 90 10 9 13 8
68 59 15 15 75 11 92 77 48 23 48 1 26 59 9 11 69 77 5 35
6 45 74 85 80 51 19 55 0 14 94 64 71 84 46 81 88 82 9 59
78 49 25 63 80 40 74 83 14 62 53 60 75 62 8 72 43 6 29 55
2 99 63 50 20 50 97 15 14 70 14 32 8 63 30 97 65 46 65 81
51 15 10 96 47 27 74 0 32 81 46 35 99 14 97 70 80 35 0 3
83 78 54 36 68 35 33 34 31 12 6 31 58 5 75 31 62 92 60 45
33 8 4 30 60 18 85 42 85 20 57 14 29 55 55 16 78 84 47 66
17 71 99 91 78 75 5 67 1 59 81 70 52 43 42 39 45 67 95 18
38 59 27 30 32 2 75 2 76 53 85 44 56 52 28 59 21 43 9 14
88 77 86 24 10 64 1 19 9 16 75 89 8 81 23 43 11 68 0 11
19 5 67 83 72 85 55 66 68 98 53 96 90 43 51 42 46 73 29 88
96 18 52 77 32 88 11 55 29 49 46 46 78 31 20 57 81 98 24 80
62 4 56 45 15 4 81 44 15 97 78 27 45 27 33 45 15 55 13 80
90 91 59 95 42 42 71 0 93 17 55 5 16 97 92 5 15 53 12 37
92 83 5 77 86 91 6 90 27 30 6 43 41 87 15 32 19 74 54 9
9 67 52 80 11 88 90 33 81 34 10 13 66 4 71 38 41 60 37 43
7 36 21 79 72 79 20 19 33 87 9 41 23 71 95 81 94 61 35 93
49 39 70 50 45 57 42 74 25 82 72 73 61 68 45 35 13 59 7 2
24 63 79 15 18 50 45 20 78 72 63 63 97 6 17 14 53 61 88 8
43 1 38 86 61 95 18 69 38 65 43 12 51 8 12 8 75 23 43 44
44 54 69 31 44 25 5 53 33 57 86 24 95 62 40 21 47 59 34 49
62 84 20 68 89 51 60 62 61 56 0 95 94 78 14 78 27 28 58 13
46 34 79 2 98 53 53 12 79 47 60 37 20 48 3 83 34 66 46 10
66 73 37 76 40 84 72 49 99 8 11 0 64 39 25 80 83 24 63 58
26 7 70 58 59 51 67 30 90 89 3 47 91 36 22 1 16 92 15 48
80 95 47 30 82 7 76 60 50 60 5 63 83 72 38 95 96 21 35 93
88 39 62 30 8 58 17 60 72 27 54 6 61 71 40 96 11 73 26 70
68 99 2 12 58 78 79 62 17 39 19 35 72 39 95 42 58 51 59 82
25 85 55 65 70 66 92 79 80 98 76 99 97 77 60 25 28 35 62 81
48 34 63 4 3 38 77 28 69 26 68 29 61 40 40 81 81 59 36 44
33 66 27 96 88 29 61 59 34 26 9 86 58 85 38 33 59 4 91 93
66 91 43 1 31 34 84 15 8 78 34 44 32 82 89 74 85 88 69 5
88 7 99 23 58 18 47 41 36 31 20 4 63 55 62 31 54 87 19 46
8 98 79 16 57 77 75 4 25 85 29 91 66 8 65 47 0 9 23 36
48 36 57 89 68 22 83 92 15 91 29 58 81 43 91 85 4 5 1 18
36 52 61 82 14 33 94 25 79 81 26 8 25 60 95 35 81 98 43 91
69 9 53 50 68 87 23 58 87 43 91 11 38 16 70 77 44 58 29 35
34 5 48 35 13 66 34 92 92 85 61 70 35 81 88 28 52 49 55 33
38 92 71 38 45 4 37 12 34 33 66 66 45 2 9 82 79 41 78 70
86 83 33 7 1 18 81 14 59 1 99 91 4 76 73 13 61 41 24 59

2 57 98 14 66 19 86 38 25 21 49 55 0 62 62 36 3 36 79 96
79 57 16 14 81 58 21 21 62 53 99 74 12 1 5 99 73 0 26 68
2 10 13 40 81 76 37 80 76 93 87 47 4 60 16 99 64 83 17 67
26 43 85 91 5 46 89 27 37 88 66 58 68 42 10 71 88 28 14 95
94 20 96 87 65 15 10 40 58 59 28 28 89 5 35 19 43 55 83 28
24 95 0 80 43 50 28 12 10 96 59 28 74 8 85 97 16 53 77 46
12 26 64 92 5 10 74 17 47 1 64 82 25 20 39 32 54 30 48 22
18 93 7 1 86 61 78 6 39 89 11 51 79 84 26 42 6 64 97 17
89 68 51 18 63 47 12 32 33 36 43 61 58 67 60 9 56 94 39 90
46 26 24 12 18 95 10 62 8 9 62 27 98 51 4 11 90 44 64 26
14 85 77 86 60 5 86 19 65 32 76 76 79 51 47 8 92 80 0 33
3 23 98 26 57 56 27 87 89 69 59 79 38 54 8 53 31 26 21 74
48 11 37 38 11 38 25 44 69 22 76 37 63 19 0 68 3 0 64 19
70 62 77 82 50 83 87 16 60 88 70 87 96 80 13 99 42 47 22 46
20 65 8 50 43 48 28 79 28 11 4 29 74 51 15 50 0 69 54 27
14 84 1 49 51 96 39 29 4 23 20 66 22 13 59 51 73 96 13 59
80 27 76 87 74 50 88 18 42 75 43 39 39 43 53 20 15 28 90 48
57 98 17 76 58 34 84 14 66 85 50 82 59 98 51 12 69 58 27 49
34 19 81 0 63 29 32 35 40 57 84 24 92 88 27 76 13 52 30 14
13 71 3 96 23 86 44 71 90 60 82 26 41 86 86 59 92 42 7 5
35 73 81 74 29 99 84 85 80 55 36 22 86 49 2 20 82 60 11 81
96 29 19 56 31 17 68 62 13 20 20 10 64 80 84 62 18 18 37 48
52 93 35 9 36 48 45 49 1 5 51 4 78 21 21 72 77 17 30 54
90 35 76 8 45 89 36 1 38 22 54 33 32 75 50 44 94 35 98 50
2 13 3 53 54 80 89 26 57 51 67 78 71 96 49 25 50 25 24 54
99 71 18 30 23 71 97 96 69 9 92 63 59 88 51 90 75 34 39 98
53 44 66 77 79 47 79 66 7 22 78 30 39 13 30 55 37 12 83 30
52 9 26 4 2 47 19 23 18 0 9 89 53 84 6 89 20 68 75 6
98 27 68 88 27 81 9 46 86 90 10 9 13 8 68 59 15 15 75 11
92 77 48 23 48 1 26 59 9 11 69 77 5 35 6 45 74 85 80 51
19 55 0 14 94 64 71 84 46 81 88 82 9 59 78 49 25 63 80 40
74 83 14 62 53 60 75 62 8 72 43 6 29 55 2 99 63 50 20 50
97 15 14 70 14 32 8 63 30 97 65 46 65 81 51 15 10 96 47 27
74 0 32 81 46 35 99 14 97 70 80 35 0 3 83 78 54 36 68 35
33 34 31 12 6 31 58 5 75 31 62 92 60 45 33 8 4 30 60 18
85 42 85 20 57 14 29 55 55 16 78 84 47 66 17 71 99 91 78 75
5 67 1 59 81 70 52 43 42 39 45 67 95 18 38 59 27 30 32 2
75 2 76 53 85 44 56 52 28 59 21 43 9 14 88 77 86 24 10 64
1 19 9 16 75 89 8 81 23 43 11 68 0 11 19 5 67 83 72 85
55 66 68 98 53 96 90 43 51 42 46 73 29 88 96 18 52 77 32 88
11 55 29 49 46 46 78 31 20 57 81 98 24 80 62 4 56 45 15 4
81 44 15 97 78 27 45 27 33 45 15 55 13 80 90 91 59 95 42 42
71 0 93 17 55 5 16 97 92 5 15 53 12 37 92 83 5 77 86 91
6 90 27 30 6 43 41 87 15 32 19 74 54 9 9 67 52 80 11 88
90 33 81 34 10 13 66 4 71 38 41 60 37 43 7 36 21 79 72 79
20 19 33 87 9 41 23 71 95 81 94 61 35 93 49 39 70 50 45 57
42 74 25 82 72 73 61 68 45 35 13 59 7 2 24 63 79 15 18 50
45 20 78 72 63 63 97 6 17 14 53 61 88 8 43 1 38 86 61 95
18 69 38 65 43 12 51 8 12 8 75 23 43 44 44 54 69 31 44 25
5 53 33 57 86 24 95 62 40 21 47 59 34 49 62 84 20 68 89 51

875 819 591 1135 848 375 538 232 376 524 871 397 441 252 568 928 1327 451 1266 1234

157 188 187 516 553 252 491 634 194 480 427 836 597 700 1030 777 168 340 98 798

15 22 24 17 32 9 4 36 6 22 28 35 18 32 33 33 10 24 5 30 29 16 9 27 23 8 31 14 38 5 21 32 29 9 29 34 30 6 37 10 5 35 20 1 26 25 29 34 33 8

75 123 65 87 73 35 62 44 26 102 79 37 41 46 51 72 106 32 115 111
